15 0.064323 0.068056 0.098437 0.134259
15 0.144531 0.088889 0.144271 0.175926
15 0.330208 0.057870 0.158333 0.113889
15 0.442708 0.159259 0.066667 0.114815
15 0.448958 0.043056 0.073958 0.065741
15 0.042708 0.347685 0.078125 0.312037
15 0.030729 0.643519 0.054167 0.222222
15 0.058854 0.803704 0.062500 0.112963
15 0.142969 0.924537 0.128646 0.150926
15 0.277083 0.968056 0.144792 0.063889
15 0.446875 0.849537 0.125000 0.215741
15 0.498698 0.315741 0.071354 0.229630
15 0.582031 0.049074 0.152604 0.062963
15 0.575521 0.271296 0.100000 0.272222
15 0.733854 0.068981 0.133333 0.078704
15 0.533594 0.645370 0.050521 0.277778
15 0.588021 0.905556 0.090625 0.188889
15 0.882552 0.091204 0.157812 0.104630
