15 0.065104 0.070370 0.100000 0.138889
15 0.040104 0.348611 0.079167 0.313889
15 0.028125 0.643056 0.055208 0.213889
15 0.062500 0.799537 0.065625 0.115741
15 0.142708 0.923611 0.121875 0.152778
15 0.450000 0.845833 0.121875 0.210185
15 0.278646 0.969907 0.147917 0.060185
15 0.532813 0.645370 0.045833 0.262963
15 0.499479 0.316667 0.065625 0.235185
15 0.575781 0.265278 0.096354 0.269444
15 0.441667 0.155556 0.067708 0.107407
15 0.326823 0.054167 0.161979 0.106481
15 0.145052 0.090741 0.141146 0.179630
15 0.448437 0.043056 0.069792 0.054630
15 0.585156 0.047685 0.153646 0.075000
15 0.727865 0.063426 0.123438 0.078704
15 0.880729 0.089815 0.143750 0.101852
15 0.587240 0.905556 0.084896 0.187037
